等值线/wContourDemo/bin/Debug/test.grd
DSAA
20 20
0.0 879.6999999999999
0.0 508.25
17.263410996021157 95.26331962476289
68.01737439028189 68.05173509739538 64.60340242495887 65.24413268887014 66.07461420559979 64.33593659764874 74.49285758174088 84.94614630802799 88.69672784043883 88.90570632836076 64.10346803699936 47.219646469337725 46.068397404820765 47.71251737584029 46.23193649017123 43.54406194059077 40.866716528533814 42.007059808601646 39.64536303193759 41.22181209642235
68.94164170208435 69.9401348308611 67.28713069217405 65.18919604526997 65.92775877103466 63.560151091163235 77.52000211642638 85.86211990260071 89.63099823177606 89.33827742196232 62.757730696110116 44.99152690865102 45.43077103252072 46.60048873049301 44.98947821831661 43.40038835336069 40.82044641058764 40.39643840211476 39.85983662534602 40.29196885981547
69.5801086548459 73.31476627013842 72.18455328680159 61.418450661129135 54.61117443756873 57.9117240377064 81.6765182102985 86.62884647601616 87.00575467688303 83.70497322849002 60.981438795585426 45.70660878822598 47.19484293645336 46.29065300615582 44.962507923975274 43.18646433963853 40.75241415509662 40.70210650775318 40.544912033573716 39.05262212542847
69.12808272632084 75.90920016929418 78.82369445065922 62.82078596535625 50.35887606298325 53.43243936065993 77.81745330301491 80.85624633186966 81.21114576648895 76.65995532863973 60.91732908546425 51.516784985203394 50.110666601699464 46.405538563052794 44.787526210206806 42.903874675349094 42.036765490363855 41.525736491730775 40.433786969148194 40.16051545509869
66.95677579577837 71.98307862212022 73.55532258107624 59.953053398867254 50.32415710299974 49.080814884385326 60.65591067083186 69.98211355728353 74.75780281321104 71.96179477046749 61.563994497328686 55.9269643769094 52.007039483803545 46.75887973313184 44.53136851972293 42.55760926838909 42.20899613181678 41.146807964918374 39.67840180000769 37.54742717647624
63.735375046114136 66.88781137186339 67.76097931255623 58.19790854901468 46.738851956913116 38.69783065202303 47.19033707749316 58.914216351037346 68.30900969355953 67.36622859015284 60.361756726342556 56.20505866315335 52.453084912919415 47.541309801699974 46.19695235595571 44.19574736430773 41.21184864610556 40.45146752120904 39.336816445092566 34.1815707948366
67.92662940749713 66.3334538170702 62.70527207249388 54.25583046519068 44.544336104989384 29.57864216295259 39.85121379176571 53.00916114759505 68.63254310283148 66.58347093546573 59.076672345311984 55.6772434391763 52.726534752181834 49.75848483186965 46.57923354826492 42.50558147859991 36.962268439646685 40.205535070950326 40.858337975529615 31.08909293593309
78.49649592214186 71.5725320003463 67.13771460913051 62.56542762885457 60.429290750418055 37.67556808584285 41.67982856603114 51.07359575266114 72.73509051860981 65.64688515354084 58.052634316027685 55.385240809708584 52.862153062534325 50.576175284471695 47.49298970274157 41.07170543325997 32.86143345888727 42.078361230563324 43.239121895855284 31.676872727176676
76.76356580548536 74.59828245339523 72.1059274345759 71.33246001954652 72.94890762536289 52.49591752496391 45.04806780277107 46.19763434647752 66.88902985996717 59.18186882218443 53.411055241557285 54.4664612599486 53.13418061689661 51.843349819228486 48.33058007184141 43.66639711298628 37.92181702703404 48.385308448713154 48.21174946708045 38.629009587681665
77.62574032126403 77.63600417569444 74.68183956565687 71.44878986433373 69.31384399170463 59.03594662129904 49.55341470874361 45.77178439513765 53.683661254531934 49.86902579844877 47.97401051863677 51.18887080777382 52.98504142519166 54.605146232785394 48.93196845988944 48.85474963974044 54.64810990082451 60.78081959437143 54.542106845633896 46.04612710906375
81.8527010355917 82.66304967983734 78.56619242822833 73.44463705515554 68.95930559196773 64.01505946652999 54.34751993799909 47.68412555137011 46.52289931306385 43.16094896589006 43.653682999029336 47.67513685646343 51.964447910192405 56.04023986435248 51.322909148071155 53.318162499345455 67.01781956152503 70.35940826588181 59.08953645114682 47.259272262755744
84.33427012326875 87.24008892465525 81.79396124425607 73.91271134889249 71.18537594457203 68.24620224300119 55.40170602872666 46.58608360113977 44.257482887209186 39.968429582473796 40.49753476798713 44.8227841635097 49.65328587190633 52.51687250020661 61.38693928165105 60.60036342760787 73.66040348523487 75.0442473733547 63.15518851520546 46.094188727814156
82.95040258703456 86.41814645675517 81.5808791018357 75.58452942731417 71.9140804845637 67.44906577058151 52.53448903146232 44.50440857360642 44.06289301210712 34.71897432093977 37.64243327699666 43.67381954479094 47.16928094608712 46.56599650288405 58.2608535293024 66.7385050133071 78.59572855309355 78.75664321066927 67.61004313443019 51.43179607811433
76.15485459732704 79.72709051231882 77.9672444039162 76.0851800453253 69.6699497355565 62.55066950817556 49.878055192187624 41.37444407534429 40.85321349402584 26.237289840868215 34.51594949414207 42.888266977844324 48.36796933639096 51.113912082797924 59.287444226737925 71.37770081831859 77.56914663397616 80.58990399016123 68.15092717083769 52.20812625143208
67.51603048788049 72.37295399915655 77.24795482665928 79.62259432019462 67.29882823269435 55.96450812368666 50.234796216507654 43.971465063328345 39.41544385788729 29.325270160321814 34.80308239882946 44.30245251186056 52.74047076275992 56.364790196467474 64.5008689812469 73.6434186672063 73.59252550101613 74.46120181444562 62.308360701010464 46.141864058475775
60.70279605299431 67.21751032082989 79.16336241486447 87.18913474470017 66.57329273922403 50.59273848796352 53.48520063151519 49.56878656832562 43.440599310155726 36.407806525149844 36.73838297288963 47.04464653281173 59.81368124603334 65.53164856543603 74.2604258231369 78.75341294485987 71.52877062407586 68.70630565926311 56.35917589606453 41.07335476720191
58.80194098998263 65.25047209190183 79.13710389256784 88.07865258821944 67.22571829397107 51.88921313178584 63.40177538092437 58.031179978422145 49.75986973500901 42.94736069532443 41.710334474779394 52.390736324347095 64.47086857603523 71.3013504225315 77.32702392342168 83.40935762509305 75.09295323839306 67.37165501128176 54.93129421109828 44.360307950389576
60.04695842361832 65.66738466728773 76.35229236420773 81.04859364401355 69.89458499389096 63.82343071596165 78.0187473819144 67.27143854028711 56.471269887365814 49.256527982859375 48.594902882919705 56.50224648857144 67.79697469620902 72.40737582137189 72.32881601925072 80.93507124708131 74.87762379417413 64.74250194770121 51.29254744147816 42.35447100734146
62.595646516553614 67.48283913753832 75.05353962933653 78.86207815830771 74.39343774504772 71.540588085713 79.42479393298211 73.43734264487816 61.94614516234563 54.013627844947685 53.4782802155565 60.37137326360983 70.49291817919067 75.88959116181142 79.1090001685609 81.2023575600443 73.71222961356727 65.6119724631293 44.091419485424034 30.270001478723533
65.49360433191063 69.07119107242215 75.50832712429171 82.06438189770898 78.91336471604946 74.03250116675395 82.84015055450737 80.4770151549274 65.33273247773643 56.77319148984201 60.79489906483945 65.508645154994 72.71862578578346 80.91828079967293 95.26331962476289 86.03403193211723 73.00781389256312 70.61034417261428 33.03391091603195 17.263410996021157
